2024-08-30 15:25,"Hello, World!"
2024-08-30 15:29,"Bonsoir, Elliot. "
2024-08-30 15:30,"Namaste, mai aayush. "
